>> main_isLooking 

conf =

    50    11
    11    80


order =

  2×1 cell array

    {'0'}
    {'1'}


conf =

    77     7
    20    48


order =

  2×1 cell array

    {'1'}
    {'0'}


conf =

    44    10
     4    94


order =

  2×1 cell array

    {'0'}
    {'1'}


conf =

    92     8
    11    41


order =

  2×1 cell array

    {'1'}
    {'0'}


conf =

    81     7
    13    51


order =

  2×1 cell array

    {'1'}
    {'0'}


conf =

    46    16
     2    88


order =

  2×1 cell array

    {'0'}
    {'1'}


conf =

    87     8
    11    46


order =

  2×1 cell array

    {'1'}
    {'0'}


conf =

    48    15
     6    83


order =

  2×1 cell array

    {'0'}
    {'1'}


conf =

    76     7
    18    51


order =

  2×1 cell array

    {'1'}
    {'0'}


conf =

    50    11
     5    86


order =

  2×1 cell array

    {'0'}
    {'1'}


total_conf =

    48    14
     7    84


main_order =

  2×1 cell array

    {'0'}
    {'1'}


accuracy =

    0.8627


recall =

    0.9231


precision =

    0.8571


f1 =

    0.8889

>> 