>> main_isEye

conf =

        2737         143
         145          15


order =

  2×1 cell array

    {'0'}
    {'1'}


conf =

        2731         141
         150          18


order =

  2×1 cell array

    {'0'}
    {'1'}


conf =

        2743         132
         152          13


order =

  2×1 cell array

    {'0'}
    {'1'}


conf =

        2763         127
         142           8


order =

  2×1 cell array

    {'0'}
    {'1'}


conf =

        2778         128
         126           8


order =

  2×1 cell array

    {'0'}
    {'1'}


conf =

        2764         147
         121           8


order =

  2×1 cell array

    {'0'}
    {'1'}


conf =

        2744         147
         136          13


order =

  2×1 cell array

    {'0'}
    {'1'}


conf =

        2746         148
         127          19


order =

  2×1 cell array

    {'0'}
    {'1'}


conf =

        2758         127
         135          20


order =

  2×1 cell array

    {'0'}
    {'1'}


conf =

        2770         133
         122          15


order =

  2×1 cell array

    {'0'}
    {'1'}


total_conf =

        2753         137
         136          14


main_order =

  2×1 cell array

    {'0'}
    {'1'}


accuracy =

    0.9102


recall =

    0.0933


precision =

    0.0927


f1 =

    0.0930

>> 