>> main_isLooking 

conf =

    35    31
    28    58


order =

  2×1 cell array

    {'0'}
    {'1'}


conf =

    33    24
    36    59


order =

  2×1 cell array

    {'0'}
    {'1'}


conf =

    60    33
    28    31


order =

  2×1 cell array

    {'1'}
    {'0'}


conf =

    59    36
    37    20


order =

  2×1 cell array

    {'1'}
    {'0'}


conf =

    58    37
    33    24


order =

  2×1 cell array

    {'1'}
    {'0'}


conf =

    25    40
    29    58


order =

  2×1 cell array

    {'0'}
    {'1'}


conf =

    27    34
    35    56


order =

  2×1 cell array

    {'0'}
    {'1'}


conf =

    50    46
    27    29


order =

  2×1 cell array

    {'1'}
    {'0'}


conf =

    62    33
    33    24


order =

  2×1 cell array

    {'1'}
    {'0'}


conf =

    49    38
    39    26


order =

  2×1 cell array

    {'1'}
    {'0'}


total_conf =

    27    33
    35    57


main_order =

  2×1 cell array

    {'0'}
    {'1'}


accuracy =

    0.5526


recall =

    0.6196


precision =

    0.6333


f1 =

    0.6264

>> 