>> main_isEye

conf =

        2772         122
         142           4


order =

  2×1 cell array

    {'0'}
    {'1'}


conf =

        2749         140
         144           7


order =

  2×1 cell array

    {'0'}
    {'1'}


conf =

        2755         130
         142          13


order =

  2×1 cell array

    {'0'}
    {'1'}


conf =

        2762         132
         135          11


order =

  2×1 cell array

    {'0'}
    {'1'}


conf =

        2724         155
         149          12


order =

  2×1 cell array

    {'0'}
    {'1'}


conf =

        2755         143
         133           9


order =

  2×1 cell array

    {'0'}
    {'1'}


conf =

        2749         150
         134           7


order =

  2×1 cell array

    {'0'}
    {'1'}


conf =

        2736         155
         139          10


order =

  2×1 cell array

    {'0'}
    {'1'}


conf =

        2740         148
         142          10


order =

  2×1 cell array

    {'0'}
    {'1'}


conf =

        2772         127
         129          12


order =

  2×1 cell array

    {'0'}
    {'1'}


total_conf =

        2751         140
         139          10


main_order =

  2×1 char array

    '0'
    '1'


accuracy =

    0.9082


recall =

    0.0671


precision =

    0.0667


f1 =

    0.0669

>> 