>> main_isEye 

conf =

        2872           0
           4         164


order =

  2×1 cell array

    {'0'}
    {'1'}


conf =

        2877           0
           6         157


order =

  2×1 cell array

    {'0'}
    {'1'}


conf =

        2896           0
           5         139


order =

  2×1 cell array

    {'0'}
    {'1'}


conf =

        2869           0
           6         165


order =

  2×1 cell array

    {'0'}
    {'1'}


conf =

        2897           0
           5         138


order =

  2×1 cell array

    {'0'}
    {'1'}


conf =

        2878           0
           3         159


order =

  2×1 cell array

    {'0'}
    {'1'}


conf =

         158          11
           0        2871


order =

  2×1 cell array

    {'1'}
    {'0'}


conf =

        2892           0
           4         144


order =

  2×1 cell array

    {'0'}
    {'1'}


conf =

        2890           0
           5         145


order =

  2×1 cell array

    {'0'}
    {'1'}


conf =

        2898           0
           3         139


order =

  2×1 cell array

    {'0'}
    {'1'}


total_conf =

        2613           1
           4         422


main_order =

  2×1 char array

    '0'
    '1'


accuracy =

    0.9984


recall =

    0.9906


precision =

    0.9976


f1 =

    0.9941

>> 