>> main_isEye

conf =

        2882           0
           0         158


order =

  2×1 cell array

    {'0'}
    {'1'}


conf =

        2892           0
           0         148


order =

  2×1 cell array

    {'0'}
    {'1'}


conf =

        2897           0
           1         142


order =

  2×1 cell array

    {'0'}
    {'1'}


conf =

        2910           0
           1         129


order =

  2×1 cell array

    {'0'}
    {'1'}


conf =

        2886           0
           0         154


order =

  2×1 cell array

    {'0'}
    {'1'}


conf =

        2875           0
           0         165


order =

  2×1 cell array

    {'0'}
    {'1'}


conf =

        2894           0
           0         146


order =

  2×1 cell array

    {'0'}
    {'1'}


conf =

        2869           0
           0         171


order =

  2×1 cell array

    {'0'}
    {'1'}


conf =

        2882           0
           0         158


order =

  2×1 cell array

    {'0'}
    {'1'}


conf =

        2887           0
           1         152


order =

  2×1 cell array

    {'0'}
    {'1'}


total_conf =

        2887           0
           0         152


main_order =

  2×1 char array

    '0'
    '1'


accuracy =

     1


recall =

     1


precision =

     1


f1 =

     1

>> 